00110000 
11111011
11010100
00000000
00000000
00000000
00000000
00000000
00000000
00000000
00110000 
11110111
01110001
00000001
00000000
00000000
00000000
00000000
00000000
00000000
00110000 
11110001 
01001101
00000000
00000000
00000000
00000000
00000000
00000000
00000000
00100000 
00011101
01100001 
11010111
01110001 
00101101 
00000000
00000000
00000000
00000000
00000000
00000000
00000000
01100000  
00010111
10100000 
11011111 
01000000 
10110001
00110111 
00000000
00000000
00000000
00000000
00000000
00000000
00000000
10000000 
01001010 
00000000
00000000
00000000
00000000
00000000
00000000
00000000
01100011 
00100000 
00010000 
10110000 
00101111
00000000  
10100000 
00011111 
01010000 
00010000 
00110111 
00000000
00000000
00000000
00000000
00000000
00000000
00000000 
01100010 
00100000 
00100011 
01110001
10010000  

























































































